152535786645
122146059455
152535163385
332204803135
222311564705
182546140987
262944980482
152436533720
231974742756
282379480522
152522651253
182060266317
152535793571
122425852919
112144736854
352009725107
112358680315
112144736678
152535785140
152511575603
152522650683
282316574033
332179059253
262751939304
122146059463
332202859744
232143995921
282425972668
122146059459
122444957304
282398935354
222427439063
112260096381
122146059424
391584661229
112144736707
262729406474
122146059411
282440014727
122345198133
272296912869
272656822518
112144736683
222497801652
112377349835
332179040659
112144736656
112144736684
281974450149
261853504301
122146059409
282090259079
112144736763
182491053541
272510612112
112144736790
272620587482
322292450542
292103918817
112144736788
181871822465
261075345574
152535154479
282387257372
162435084484
152535166001
162435055572
122146059684
331877976161
152535151554
112144736740
262954147242
332179029416
122146059475
152535160498
152522614319
252898074263
282269793702
112144736703
262381291081
122146059429
292073831336
122146059350
112369205842
112144736736
232004144428
232004151339
281974450305
331794280979
282269768245
282357571425
371907812448
262932718687
262960082009
152535794620
152427257691
172327498367
152522622060
262935928410
252710799469
162063790598
262936630287
162346374907
371805947359
282439759556
122414622635
252421070939
182447022576
152535791051
122146059385
222374339058
272509769882
152535167370
122146059474
112369205876
282237323573
